1,2,3,4,target
-1.6195344905178146,2.380696514693486,0.945476854960275,0.8557389116266126,24.68510123884695
-0.5061489457314703,0.782913918291226,1.9333242695389983,-1.6766553367751738,2.2280821318729753
-0.12675734547405745,0.33533829658442144,0.6210159782282101,-0.5355318976041441,-2.927163709139372
-1.567661279746389,1.271996755893394,-0.17895817374841735,-1.4843089360710144,6.639761264364047
-0.56158070615879,0.31864059248679794,0.38648311807090713,0.03409957106910532,-5.092094551812451
1.9375350772897537,1.1695431448889355,-0.35356557142887285,0.48220588979135887,15.941624601382642
-0.21751512044470506,1.178848899487312,-0.7434133648153018,-0.9124900176488765,25.15213544145038
-0.0722628296641619,0.33727059144890476,0.5586119454072355,-0.264532407182914,17.224911920632536
-0.24495420539034612,0.18502165299322665,0.5766568240028827,-0.9900302748235873,0.4034783412409775
1.0351407338233862,0.6626449536151564,0.08538750579596646,-2.2387999534314535,8.964740606006881
-1.7568959031983176,-1.3108274693584594,0.12498325012689634,1.5439047769092804,-7.507189143985146
-0.6515180877548229,-1.0963064168199033,0.6881259791060962,-0.39880089254685896,-8.938309614240374
-1.2746658189950129,-1.0541544273504224,1.3971157137321037,1.4228908989609146,12.926633885488823
1.722587749198854,0.8346681535844107,-0.7749944621185004,-0.230761741336719,14.67963115436364
-0.5527837099591164,-1.0334161648013318,1.335274985358049,0.2384784048302599,-8.918839697812492
-0.2697541890905079,-0.7319191315061984,1.402269574401808,-0.6499091109590923,-0.5753066543247791
-1.0844301290849263,-0.8487848813011205,-1.1297136039779143,0.09905940647440553,14.908660663484133
0.7055256943037539,0.05424241311422114,1.7342755015601332,-0.164797335848445,-2.3455387826140535
-0.5754988913598608,0.4825210887153219,0.6290992769732138,-0.5929395230112879,-19.033061477872558
0.32928288800575517,1.3433764821504106,0.576836873985993,0.008605066510830869,-1.5657623385012385
0.28452017958662235,-1.4770248271271502,-0.6772264120621665,-0.7658182122171254,8.313503589829539
-0.8540099080248044,0.11646150672469102,-0.7777681630099762,-0.38756874731938895,-11.698654529135315
-0.31481307936522546,0.509708338325019,1.7291293188821393,-0.2683684022932412,24.336963477746473
0.10740215302824238,0.8282689969068352,0.8337144623393574,0.3210556208836124,-10.895115374631827
1.5396648356425173,-1.0258929115653268,-1.4712689520452231,-0.5732842662035851,-3.66867562299932
0.48142180702874093,-0.7268109953461945,-0.28297368329028266,0.7404280632295348,16.251861392773428
-0.16635292017766817,-0.2167150337813973,0.8194305249126727,0.6992025192578203,-7.506072507373966
1.059752028371657,0.810389075628402,-0.5215244320831144,-0.17331182061912603,-8.928384757943192
0.210136782148176,1.4229102537686455,-1.5271937558228137,1.8025823778846846,-1.9133757269269829
0.9734656035236213,0.27761767607309357,1.4409357837816081,-0.853815543714514,2.2993866213167453
0.36022053228099393,-0.0645389800944261,0.37956099362610457,0.008281457291993468,16.27843776261259
-0.7408937094381318,-1.2505747116993606,-0.6708257513526872,-1.3156370865233291,1.6195706290734129
0.22489268316512395,1.015896467491821,-0.5319393663908821,-0.6444216373590826,-22.872856921227935
-0.7019709795282076,-1.737377148334485,0.7508353343803306,-0.9633966456407294,-5.444089758650662
0.5536072686746693,-2.1404374986563286,0.2598630328334091,-0.17904438664895928,-5.330658037447048
-0.22905736506235932,0.45249127544383,-0.44523122003519333,0.04771077987436907,3.689494460483812
-0.20154320512357166,-0.7034015414783376,-1.1224551933318099,-1.2557313674492403,4.420408835007867
-1.4677897664036812,-0.11390238082174736,1.430730187015886,-1.8294281719308787,0.5404397546287862
0.2641848234408287,-1.6549556919132458,0.8118723619246933,-0.4451940342472059,1.1124588300055818
0.07072951227011917,0.42895196872452246,2.3599484644830055,-1.1285812172889105,-6.365356668883013
-1.0425664989490737,-1.2483630642968733,0.7262843937030212,-0.7861978414537946,-11.666303585513674
-0.22907697807402344,-0.32956351977728915,-1.517536831047787,-1.924296251042562,3.062990641464385
-0.67449987785927,2.4570524494923545,-2.1297070963581266,-1.1386508418877106,-14.583281646930672
1.4597281580797834,1.4529958256714621,-1.205348314924164,0.2950542985312876,7.140459488111217
-0.31131767258855014,-0.8914329020695851,-0.9178660837731214,0.44064796601049044,19.560203573386126
0.8693241019009935,-0.3167896919443122,0.4903529671618733,-1.7280543057859137,24.786846216836913
1.6060543367864455,0.6782707845699585,0.7497947898778882,-0.29242117534901946,6.1637826265186675
-1.150621068988413,-0.8043424029141454,0.5070281891146561,2.664918266544796,-23.42217643318645
0.34691666699826074,-0.5780607965107879,-0.5145401324988568,1.4182744936929634,-10.38663822536995
0.35348540698426856,0.2606988124695891,-0.6373311474261498,-0.6183004655949772,10.516130454567318
-0.5022110342563146,0.1383580175890299,-1.483699841548739,-0.11762762141048133,-12.387988890736006
0.37275488045036104,-0.8237583153022484,-1.2836537119033222,0.6790235497821268,-0.3013956498379624
2.017492008572071,2.6052994880046287,-1.3482053076612008,-1.598194605719926,5.926815533462808
-1.3674439503386986,0.85436693170576,-0.5715195836295364,-0.9501605020577738,-2.6262041881707026
-1.3585213943383443,-0.43184558243252746,0.23198138010628291,0.7812356241488432,-16.7022766645931
0.906027757776554,-0.1439424196624172,-0.8248659687249662,2.4966005599964363,14.542369505062815
-1.8120546957672254,-0.48301309655957486,2.057656550331393,1.3690319054007647,-22.613208816234334
0.44626529636246676,-0.858747423926547,-2.1418456318777683,-0.40541088441292755,-9.304588168239015
-0.33516317798612894,0.2740148016656201,-0.6032541401415643,-1.6332375698397288,-7.887683532039463
0.3653814208362173,0.02159323879229694,-0.33079386202348926,-1.2647805786273718,10.751599588983861
-0.9661154429849703,0.4201639927881535,0.34771309598132116,0.41961699241812367,4.368228887620291
-0.48537388636474144,0.6423453375746946,-0.6754134630947136,0.6163908641914206,8.91980007071111
-0.11486813389357854,-0.5317799699839578,-0.0014231256877140074,-0.8030766370124351,0.8191649380569758
0.03676185081880594,0.29893098152169545,0.8204261013022532,-0.10576697420658629,-2.963544734404692
0.19071546610901707,-1.4533727174727828,0.5210762256377643,0.3104343694134532,-18.36851876031693
-0.3087843724141695,-2.040843676424946,-0.7232539089994509,-1.3677621932907826,-15.78713376068141
0.5853959356204423,-0.46913390360820884,-0.7453520527627803,0.6970368982421141,-7.601433030548269
0.7235755442121334,-0.4079872095209623,-0.3619549198295563,0.18269102329552356,11.56716194738097
0.9799622706070901,-1.7691079472156945,-0.047242068203518874,1.011234487585858,8.730497552764385
0.5794565884747336,-1.5735278667241903,-1.3443581935184596,0.12217132959355821,15.879615097934249
-0.2580825249203184,-0.48157562628826606,0.5993711219719241,0.6676104686702036,-10.55472436387776
1.757894610474812,-0.8832199671137365,-0.8437831540590908,2.7996757035820146,12.716846657950299
0.33754461666966845,1.1556369162589888,1.2106409550273745,-0.2552124170396535,0.08620400440501164
0.17373938317062704,-1.1617047056466985,0.09725711097706176,0.48978759422848456,-15.422186140070018
0.6985157256178425,-1.2296911030322641,0.6751970604608164,-0.4158791648474018,3.452154064775788
-0.7107038404907694,-1.0273441814777589,0.2488003992092257,-0.7789135478403527,-11.596611099685802
0.0656327460377791,-1.1412441198036358,1.4571593847485205,-1.715001634656636,17.47544685718288
-1.570106239116019,-1.6625366093960048,-0.7357012416440991,1.8536603844882702,1.3500630562030729
-0.9884933642061724,-0.5368169207148108,0.626147209055374,0.1557742177831848,-1.9259269270452655
0.7790666104962218,-2.1658107340776467,-0.8186023267610256,-1.3584914093175904,-11.146505161254675
0.40469043743855376,-1.906187665900421,-0.03659063201010418,-0.424747320213972,3.6914532197291643
-1.0702008546254964,0.7491637894559074,-0.7849130690216394,-0.6902680184843145,-11.649844969864287
-0.721226668978233,0.04833619309022505,-1.297969043589503,0.3096940778122888,11.23187142155672
0.6585325852135425,1.0753257465777162,-0.5273918501416326,-0.46624087606274794,0.39151935489639866
0.4056723682116025,0.801681205675205,-1.169994059377589,-0.987759970389412,-6.495701041886425
0.12610060210097884,0.694320800980542,-1.062961440128598,1.3340007805633853,9.390993189876692
3.3522572275532174,-0.11476160850875848,0.21095551591734518,0.09086247292596412,14.4880211128336
-0.6521936207816325,1.4116147663790368,-1.4038062844978376,0.25679129570180304,4.3141697118551505
0.10448319207422287,-1.6210021684830278,-0.4851947806212761,1.583497165924632,-8.188787491900467
-0.22708443490343092,0.3103828628122474,0.7715540500327563,-0.026632391960421102,-8.693064622514738
-0.8493079987426551,-0.42507105269393547,-0.57729103818289,-1.4630646009714405,-8.057509395124333
-0.21723411681263688,-0.04845339050953248,-0.5711371467847948,-0.36375165688201655,-10.072766309562743
0.4350243314309319,0.18731335608049496,0.3506968149764716,-0.9688707082646696,8.150166529373651
1.1005272925974323,0.11882141358826585,0.07474877667611228,0.9956215691226389,14.57007375705886
1.924968941981212,-0.4382115808554032,0.3938181222959367,-0.031769941775733355,7.746429210625102
-0.969002687921847,-0.18485919922102742,-0.35778836848962364,1.6942012675609281,-4.310473226641014
-0.21733603192348253,-0.7546613149219761,0.5805457754036422,-0.4269465388949204,-14.820481657181162
0.1190762549247685,-0.3191697129676413,1.5514376328969626,-1.0106713182127862,-2.314459433588066
1.8818523832773426,2.111423959471764,-0.394380927631631,-0.19368804179851595,1.706633778744406
0.2423397599885095,0.8107642402843903,-1.1817153712910262,0.26611879743821887,-6.921552529237504
0.3329936638814492,-1.1322175785237703,2.319184225554633,-0.6052666266739839,-15.734904895615049
0.24423919871921926,0.5447977636515959,-1.9131318776118833,0.9153074647317341,1.4143990504691026
1.0867512387176232,-0.5976663883148536,0.5096305023200041,-0.8176740287123268,7.014492215272603
0.14477631705414085,0.03150756187687595,-1.4614553678294275,-2.015984368819773,8.758239390550278
0.9006394375571517,0.8225236211350476,0.45552228032843695,-0.37506348038374127,6.094185737805507
-0.5808434178812599,0.6562449963366087,-0.46888138737954693,-0.7322443648921535,8.474888990729362
1.1701384252963318,1.011666051213074,-0.4337032082222213,0.10568938909295714,-10.664760102708811
1.595877052059867,-1.3283656900174854,-0.22508144385003181,-0.38174140612092605,7.555163892923364
-0.6818638052180145,1.283184130999753,-0.1217618765688619,0.591767502225357,-1.4705076141905993
1.3052598994497804,0.9240109556800926,1.4045756055371466,0.3406249575562367,3.094677802354377
0.1760300602934509,0.25590145396866926,-1.0562807188808234,0.3093284142504268,3.5774670969769446
-0.6482994940282495,0.2552425865524094,0.7016986621482565,-0.22431802453727112,-4.872563346584293
0.9398223939458707,-2.0001539949860327,0.29579137893585566,0.9280115569351924,-3.17198784302445
0.27013459543300244,0.3328115394436505,-1.007168759828653,-0.877637975899503,18.158539853019864
0.4465311859004367,0.002488407890322124,1.2265444391073064,1.563086871008044,-2.6090905007068623
1.577160057713977,-1.632865177155233,0.6822948461101797,0.7794585568513578,18.43844136621128
-0.31491842157897165,-2.0780836173795865,-0.006952153296393522,-0.030970298018715814,2.7902826898602484
-0.9552862234383167,-0.057033078367243716,-0.7895705455195436,0.4857938544092244,9.307225224461398
1.4344867768766618,-1.137386814714222,-1.4574903112400766,-1.3799887787627285,24.67087231435814
-0.2820589019369762,0.5533132479169421,-0.09808592484019318,-1.9917242445953076,-5.61228213866813
0.0846647666045726,-1.6576103540299274,0.9782137191910412,0.6252608104169742,12.223224986051402
0.2493718001683839,-0.859517742543018,-0.4157702992438291,0.8000331489167191,-3.5607466653815507
-0.9732122061860393,-2.485316852096108,0.894114789796412,-0.6112065046055573,4.513217209693888
-0.336605597439911,-0.3577178619758861,-1.235557255863808,-0.16832695116000515,6.55733433397841
0.5324329657652146,1.7275085310932503,-0.25982369354862833,0.8611616954163279,6.796744750074092
-0.7376139848639157,0.4421142818673596,0.11368120328688683,1.3494723469129526,-18.80376246987145
-0.5732922676311202,1.816940456829337,0.759500632112926,-0.435958836778106,-10.17492298301681
0.6955952170342404,0.31703361549892395,1.640705191616122,0.8112713458744051,-6.053272165517763
1.8725554892603886,-1.2257263372477576,0.3765927682815216,0.4555687510380095,3.3590958556530035
0.3440733919139057,-0.1652062413189281,0.685768679407577,0.21046668112448247,7.023230366687388
0.5705335070777807,1.208222949991265,1.5564985988401672,-1.1261430800786922,0.3576703829218988
-1.3511676520957123,-0.33368814147185344,0.6124826110340246,0.9641634052711124,2.996623554100993
-0.9884585510166752,-0.012356819918388108,-1.2190399765249855,0.16970353206728614,-4.287633400213788
-0.8846866289475999,2.084074377909043,0.1322843638986317,-0.6456028254528443,-10.002663382425435
-0.562787090448124,-2.6794718449306205,-1.0214393797103443,1.33826286309604,-9.372301388490502
1.413015202315538,0.40742948249593347,-0.6355886130913364,-0.7005208994437493,22.424413365487766
0.9618504209499673,0.24605520642540435,-1.6458302634996296,-1.3861242189199918,1.212825958425804
-0.627834584197512,0.5197835200492554,1.0672146241388196,0.24728884029167433,7.295458574843869
-0.15858575366225858,-0.2930648895920886,0.5491303842658974,-1.3443957841923815,-7.780849083674495
-1.0378758284586072,-0.5621286517869221,0.11717595506763381,0.5106623682505037,5.313828337540818
1.154168649866263,0.5524287980984813,0.2088807927652504,1.7627472337805201,17.415086117153056
1.0615894486496025,-0.2455215173812625,0.19380991871333578,0.7698395527774996,11.447633937288904
1.333812354438423,0.34325851876015023,-0.1321399866454555,0.9806472866510983,-9.212050744037708
-0.4269850890384203,-1.0815729730810646,-0.30261832966003116,-0.630674030882926,-0.27953879351853206
1.3232923589093892,0.5153204289752461,0.36896608401239994,-1.5644526294214403,19.175479535607135
-0.5513886737857927,-1.226593766892353,0.8150104190812865,-0.5420320550069765,-0.7755131160057664
-0.1214537404873903,1.1714554571098408,-0.3315022691620303,0.4323895673083448,-4.028949460052142
-1.451092042014341,1.2999571969573511,0.28074599980426285,2.180345626753078,-2.7359204027603923
-1.2057592639646297,0.19904762738316364,-0.8988823934791629,0.05354504057282576,-19.17616898709788
0.6685559933871821,-2.21889064618831,0.012960645163067832,0.9784815334776088,2.7985763155052212
0.44666737097679227,-0.494200575523795,-1.1902798964395003,-1.0557106212261635,18.408192570579075
0.2185616300542573,0.6389486162765883,-0.804345944901082,-1.196134710379782,2.758242905493467
-0.9364404846782498,0.032726000867732946,0.47111585969323855,-0.06696329962242652,-4.459546609267884
0.5412716879888874,-0.14576856478492523,-1.086079615820987,1.3066285933476733,-0.9279802720950698
-0.8697504297137079,0.5469251025952725,0.43166624344379845,-1.4136836735958567,-0.3562076532275089
-0.4810973398739312,0.5406023853733989,1.7789565421500961,-1.206128695584363,9.403994713483797
0.02543378256585239,0.7820430994945489,-0.017312960784027318,0.2677300764112916,-0.9175383351389229
-0.3442860409516157,0.7326217376166329,-2.5411508686683093,-0.4609431619892393,7.853388213466017
0.7874561887908909,-0.17638109720562484,0.47877936875882915,0.19109205921045622,2.1907135865916687
0.6589629973831803,-0.7389852462578673,-1.4287935403527767,0.774209756540313,-11.759066027044293
0.6947184751515881,0.7687933528183657,-0.8282852907463626,0.11265096797479378,-2.925057292865965
0.09772161803812458,-0.05353231110645951,-0.6572628550640428,0.0771005766975226,12.303706507854494
-1.005110288421856,-0.5297482474207303,-0.22446874221993024,0.7464207170034651,-20.70561444727619
-1.6972155665756883,-0.045847333528062514,-1.0416684937347909,0.721503799794649,-7.634165633776141
0.4437519092310684,-1.8477225380361668,-0.4600201140494451,1.1716326140413187,8.01177229597217
-0.6960004220618266,-0.41046467691898925,-0.4073366457953453,-0.19032355540315787,-0.17859661665083104
-1.0828393171540198,1.7724484941168537,-0.03697172538993609,0.04961833113139232,4.054367139911688
-1.5401984488951619,1.7587425734228812,-0.5626452871641708,0.07690024589965892,-24.449743380546856
-0.24026215008894625,1.4594503136968648,-0.2078907610058645,-2.4976212988151,-5.437115939584848
-0.1917644459314193,-1.4118788125848185,-1.1991610479263048,-1.73178911926013,-6.817487235106158
-0.8068165456838926,0.3111799584163792,0.35303772078568413,1.6482699725071366,6.644986267418879
-0.9289409897482542,0.9499340063187821,0.5570366632460946,-0.5041989251904682,-7.309611227249634
-1.2024572841774646,-0.9088230127902269,1.1773964553953953,-0.32524828448589826,10.821720988430584
-0.8027901482146301,-1.3935892229800382,-1.9750407319100198,1.3211589546830833,9.872776556896955
0.5316001392417009,-0.45595955338291305,-0.40017527491662613,0.17773198131961465,1.9063308453202519
1.9263568558505961,1.026363279653538,0.8382633885874885,-0.3378126547052577,10.551953552526957
1.3849448468883412,-1.6958097221552166,-0.18239394628579067,-0.3368152171391047,3.1288317012432802
-0.2409305318221018,0.20718535378321845,-0.7419763809653641,1.143591861182058,-9.190767801633742
-0.35146784173465645,1.0601205731338161,0.5201094198896624,-1.0076415160000023,-1.1369911163717237
-0.7301846015363368,0.8553506303577656,-0.6211045678197135,2.207618614870383,2.3580693985431194
0.4705765475318669,0.5230876740869774,-1.4025100787779352,-0.7931023469036196,12.474904712398157
0.8032689229754233,-0.3888203261307805,0.23674965519857935,-0.14677843195932608,6.615318155964935
0.022774306814734045,-0.008313313692186245,0.8455906670510005,-0.17865893258481017,3.234270870300873
-0.7664084660342606,0.5877826932189342,-0.5819116827943134,0.662399203213807,-5.602455660309178
-0.1786685793691088,-1.1439191215630842,-0.19560518094006193,-0.4311621234917378,-1.0142372854456818
-1.0948909161421623,0.491011084290398,-0.15339921072681964,-0.9250968878230744,-4.551723281906585
0.662794561840308,0.6228529117879986,-0.05256101457258782,0.07420509368931694,4.411232164220131
-1.1483444897740627,1.0597495444058451,-0.39032999538151725,-0.733274189272656,-7.387338933803518
1.4822350959667474,0.30983277404178644,0.6955526708046091,-0.6358366311779196,-4.897161489917657
-1.4241271690414283,0.6142688897107837,0.8863623140855372,0.380405020366049,-9.355726716152223
1.4673320110605022,0.36592673204121523,-0.4876383876303002,-0.3205668427904281,6.985757894696443
-0.7002144844680155,0.1915233466439353,1.5376071810301375,0.729554225444722,2.2237974675994296
-1.4602186068663388,-0.5523355020117147,2.3042823369814482,0.6394538377625093,-3.945678047724643
-0.14081132235586513,0.270690311964278,0.6191291370270073,-0.6109342129862732,4.038089232865658
-0.1383686097839632,-0.7020713958123064,-0.18468971821802493,0.7836242581738216,3.992473843176163
-0.1661119769632852,1.0353643303880782,0.7856109990858456,0.7945356917130941,4.414816052800059
-0.03228659349546149,0.7185210780792823,0.7893700327005454,-1.7500899876776048,-7.233446824948076
-1.1031399193872913,-0.273609647471039,0.5523688315743149,0.9711624869651829,-1.1098827040614099
0.1456548726089629,0.44028154073922526,-1.9279130656618502,0.3661734817256256,-4.624130377570966
0.12997479011349378,0.7967716172613094,1.9638790972473494,1.5229984239887444,4.210792440013535
-0.5051488774164316,-0.04499686995070617,0.476712743307151,0.22863158526216515,-8.39414189271339
-0.6118216520764745,1.7458570922921777,-1.29043452348014,-0.472303425021281,12.454924071678828
0.6710865222875035,0.7755761807213423,0.32913298614575265,0.07086159778281158,13.561401721302607
0.25999204817298366,-1.0073969776576046,0.8117066941890799,0.6835891652511481,2.9904074186124854
0.5598847276525536,0.34792098698596413,-0.8347955435776621,-1.8824235918880325,0.685119142124591
0.930820794805066,1.261918935430746,0.03928625480109115,0.17339592947028784,-18.42422509311691
1.285135892564389,0.4546615280464673,-0.2650857018111628,-2.0215083942655405,8.03802097133114
0.327256497732979,-0.6582832388025467,-0.5873564412962983,0.06898819292926081,-0.46676560619524343
-0.3780605785422538,0.8626958751658101,1.456323686706004,-0.5425212067511219,2.151404519693764
-0.6171515533242317,1.4722153362024841,0.25632245848452156,-0.4187315743006581,-7.172427799268705
0.12717985836272508,0.44081388304084135,-2.8323855813288636,-0.6079992589121674,-7.940154231280738
2.0032759955249113,-0.8678530568319434,-0.33060147122022276,-1.1667269780657112,15.357941707477485
0.6068366850864773,-0.8208772278628923,-0.22337344098731854,-0.7308577121785231,-1.9387501091471906
-0.3113588200455586,-1.274840483095352,0.9458570710342166,1.1977215517730515,-7.052378134725741
-0.6540899227355498,0.7286507620995697,-0.2306382102813185,0.4175652665856818,-16.24321310836618
1.3380282167659274,-0.1377516165353058,0.11010179946890347,-1.103030035162774,18.599277867822707
-0.772912921346168,0.692438785217785,-0.3377098313038271,0.4452992638058676,-8.11677279866158
0.15819607643217948,-0.728201854480817,-1.0882497212631639,0.23844048294491058,-10.498598464623667
0.7756555304338152,0.31295528776245635,-0.42141567215202225,0.0802926687368371,12.552577682652435
-1.3146551953097854,0.5800544858313745,-0.14363621238619137,-1.007259896293375,-3.8259103248307706
0.47799338706320527,0.3033552231971628,-0.6372012629548943,-1.104539233536153,6.841984224920688
-0.6789324798883074,-1.7790461476246069,-1.5143562353775846,-0.11954055244606389,5.182695853242914
0.13568431686867718,-1.3080832513303426,0.5242512789230984,-1.003874971275328,-16.990648474325972
0.8855582215091558,-0.12807015361788932,1.8102672280403866,-0.14373246694789005,12.650787423398288
1.1656730418909778,-1.245920855365786,0.7826166935509155,-0.9111728524826995,12.496133818711474
-0.6983775928219277,-0.42902276840764103,1.954172448291265,-1.6070925709848118,2.4652731383378486
-1.0143763594962676,-0.1795975253924567,-0.7091348978487495,-0.11455051302526854,-13.80743718638566
1.6698906145459953,-0.3757182006296255,-0.5916431199192264,1.0058340711331302,13.348425185478769
-0.1893893579058063,1.4626174671978227,0.8948048357942825,1.6328559060685903,16.54780713700504
1.4352490474632982,-0.018431553631943626,0.11297035822592279,1.6330218864825223,1.202328887679566
1.4737400598930213,0.3715945596270261,-0.9549873089145446,0.6167898201103844,5.7960956346237476
0.3421594004992576,0.6556900872140107,0.8301928364691128,0.6686143545726914,7.396476613671057
-1.7573392231039275,-0.9919362410318708,-0.4855073562168901,-1.6956534760490374,-21.221113619979697
-1.4688631144292226,-0.17466791452090308,0.8820219631037253,-0.22763238533205518,4.223537061219617
1.14070733004672,-0.11189787602798769,0.11906736881392505,0.5996792569249704,-14.77460751283768
0.7348761379741449,0.45442849912028704,1.229978763307183,0.8086363247352226,3.5708304278873
-0.6821185538029433,-1.233645276616691,-0.7861467849333991,-0.05057234913705238,-0.21157675657547692
-0.2587416156398066,-0.7467914296148801,-1.254297038701332,1.6223454954427619,-5.430127669684932
-0.5380867027832459,1.0609582775035655,-0.6163644541681748,1.0300560242920422,-14.028080877260184
-0.5662618853349672,-1.7021047854202442,0.20147783756819174,1.371450119993594,8.59063598371983
-0.7350786538522412,-0.8933515514208755,0.2361934786253406,-0.11471255308874087,5.339242422398886
-0.14715763726237696,-0.08438770123509104,-1.6021742966986767,-1.295696538086412,5.025372033431585
0.3060893793181858,1.2730510877850552,-0.7612890698187157,0.8341493967398788,2.996416372518938
0.58588759043061,0.7739916848905397,1.29464707226103,-1.3490531774152588,0.5581893191006184
0.6844003639836843,1.174402406718943,0.31141302501495854,-0.03550739736415549,15.858806751797568
1.685687724696212,-0.9965725133563108,-0.011821254942039023,-0.24493312299239745,-2.5828995075976584
-0.03833179613695351,1.288796540971313,-1.2288688398660712,0.2640382437427087,-7.780222156129351
-0.48958340845561354,-0.15891612322482085,0.10710816233754647,0.1495584268611529,-18.995730423329483
-0.9616520204511633,1.2465033308848603,-0.49605458940467057,-0.1982461318118962,18.847667944923913
-0.4793423285760177,-1.1833439555881984,0.7660889220825899,0.4268528501694867,-5.3279483574911914
-1.2881111960479363,0.8342250011406935,1.6642306830777664,0.7051564501677192,-3.5819116144514993
-1.1707026658352555,1.8731341415421363,0.9162569592760966,-0.1344907808999319,7.081565458891057
-2.0604428523869327,-0.5855721894630893,0.9603869782562495,-1.3856807761137468,2.096552358649973
1.0205378553448285,0.4312591408435833,0.8552133012153649,-1.1506443175367305,2.757262494431224
1.2992684764950604,-1.4467460504980858,-0.1374010954545664,-0.5239563382479808,2.5668080060149316
-0.2348274938659891,-1.741745486564879,-0.7750638643746278,-1.0254374002486821,9.331413864554015
-0.03296379308298845,0.14922656009220012,-0.6031536415582979,-1.1088491816181894,9.322299296808637
0.889858327109133,0.21025097756601924,0.9154656459451306,-0.8684321040011226,4.718187656610863
-0.3420396422523234,-0.03257437963585027,-1.6478392363362682,0.344391990572952,6.848585050173448
0.4665301307806917,-1.9532085114974982,-1.322303365714159,0.8920656825117131,19.322266861942822
2.448363527771673,-1.9465724459615303,-1.822749815359736,-1.694788851722355,18.382353655441353
0.07872082050264738,-0.30820999105309094,-0.19774718770920247,1.6817042912929083,16.787937301073153
-0.0498735382268616,-1.3335325598480854,0.901871596745072,-1.0148044148940194,5.543505349366765
1.1837297961778328,-1.4108339250593096,0.47763735220993586,2.9615807969600767,-15.050235804034084
0.542898914221453,-0.5160088642904688,-0.6067027214592792,-1.460879413436783,5.308805098263244
0.4173223367256594,1.239863639808619,0.11289151928267493,-0.47319719347279954,-11.942345844077888
-0.6195856957376655,0.3555360442499064,1.4695804210337164,-0.016247922995600645,-1.81050411919295
-0.3806919581347524,0.2668714824154715,0.3109375156557066,-0.25231896755046634,7.671372797832966
-1.183366502569353,0.19845668641747966,-0.6442554912886141,-1.9484550781746781,-0.9424685380211644
0.6769791526779615,1.0640711470885444,0.6122666651973426,0.6540057530919681,11.239879285629202
-1.723286930319414,0.8863068977525668,-0.29120843251794576,-1.9610324705165696,-6.23425194525445
1.0640422884458502,0.12788422122028276,-0.7264743667985137,0.8047363266690025,-0.4347907147443859
-1.1427794659153256,0.8660129367876822,1.3569677543823797,0.15924653483224072,-3.3275629598474574
-1.210380389147929,0.8198194215989916,0.38958990414247996,0.48321926192343295,-17.93810262139769
0.5602086604835018,-0.6902826771986375,0.45263896813750976,0.048462258999006524,14.29658150043932
0.9902210095588312,-0.4050910402524959,-0.21871898744175272,-2.016778828977872,8.241926820429395
-1.1658113513508277,-0.05826518405163459,0.8342328220531555,-0.9202858173977178,-1.1530229699098808
2.5936420646599077,0.28322133378727943,-0.5730175582183191,-0.08136635902216305,22.591591237858772
-1.7056906231731834,0.9533598299161997,-0.5433932652946358,0.16397740339015177,-6.22850759740491
-0.8102378892450185,0.3357924331293588,0.7335555110981781,2.281586397678046,9.465794933539419
-0.7625464489156812,-0.2125839816786126,0.9085767535179525,0.510146154221183,-1.96396490509448
0.2311982205817988,-0.6174023882749266,-1.529131201880322,-1.3537934642775837,-10.921023916882902
-0.1017536865942305,-0.7043733061862129,-0.8360541181148629,1.363918076545487,1.3052634220827424
-1.5146596106593335,0.855007652685257,0.31062589076704206,0.5013592053147519,5.836305056540677
2.4229044644366673,-0.8974255019294556,-0.11469275449569377,-0.32390001888821457,-2.549345915955998
0.8538111842991339,0.2564974609290846,-0.7600364420106773,-1.1569577106754712,-1.4210186811772778
-0.17118741304190954,-0.163559440484691,0.634272944818717,-1.623524783244905,-8.7833064803279
0.28959835042511395,0.5223261345869608,1.2497328294152892,-0.8062890508981307,8.064444506306991
-0.684613836658566,2.517681326975955,-0.17722730054155336,0.3792894463843695,16.830736416571167
0.8721008109984504,1.1067698921290576,0.33574366848738174,-0.3912401203875384,21.67621026852513
0.4549987600860668,-0.21400888730805526,1.9040993088083922,0.8658478104480616,0.9447951252788047
-1.4352517675872638,0.3531090445992116,0.7375674488260765,-1.9352306089916793,-7.572755753565726
0.37116819513450594,2.046112903633616,-0.6144192591411436,0.08929037149408528,-16.344190093334497
-1.078642783762064,-2.0478935578900055,0.0028942097362124938,-0.9045169695284851,-12.672131231609178
1.0591804530467002,-0.295176468227805,0.5545718518458069,-0.45178800753929155,3.7105228693029515
-0.619760128030116,-1.3330299641653862,1.0146265725092452,-1.3616584244073417,-7.1140631552115074
-1.291999778845594,2.776285110935723,1.0476784273590563,1.707003400121385,-2.940697713421231
-0.9014777920019305,0.834226983660573,0.6947434404412618,0.43093761211712733,-9.618602373873216
-0.6499987583049467,2.1228880819413396,-0.5235680298945976,-0.069063637081618,-9.203949720121727
-0.8419182316063081,-0.7725061803838162,0.7793784314589971,0.7116085468386175,1.7136058478439558
0.4265124951536624,0.8255738632403345,0.43690382468703837,-0.25719018741444233,-1.0433251239967585
0.07161632938564438,0.03171306867858496,-0.5321874749754967,-0.07979819902349296,-3.119449024511901
-0.5982989479563561,-1.0491862461643107,-0.08138388921357513,0.30787469872794154,-10.231059400654683
-1.429430505817835,-0.40769083842566706,1.3464122478694314,-0.2126865261812151,-19.55677162817148
0.2727789685573422,1.583316411139144,-0.18741888260395337,-0.2874539639223709,15.69763838986896
-0.40198840104462574,-1.2842011891529708,-2.333153555656535,0.5308364657285292,-1.1701327808386475
0.07802302720186904,-1.8383353485483986,1.7611793966125393,-0.8962487613311368,1.4747626596532273
1.0589169781620154,-0.8664427361281748,-0.40076850669891056,0.5683118898203755,9.573069741673379
1.0573467049801917,1.1112469771095812,0.46582825264488475,-1.19205201112714,-4.2391908002989656
-1.2964910150802196,-0.7214827478887362,1.434021834949187,-0.1509723218600417,5.114045635663884
0.6452294588536943,0.1934154612739036,0.05046078879333239,0.3082903209927319,8.266789864974925
-0.7519204162380599,0.09775905703059283,1.000265197703694,0.8162998423871178,-7.89509035813194
-0.8565644282625944,-2.130108663382975,0.5721410392341385,-0.36748630559747025,-7.964255635236939
-1.2290029760313583,-0.48359565624860923,-1.1352139907964498,0.5028554047227137,-9.482513852408871
2.318297901469148,0.15455433392441276,0.6719329765636494,0.12373978769135013,9.782286037229403
1.3277298488980322,0.021691950632404342,0.6735266377438245,0.46850711411651164,18.131313771197913
-0.32255473887289277,0.4069794530084078,1.1905637203511814,0.19742229503026967,-11.368985631021797
-0.908972505068389,-0.7444112531627737,0.10404861547501838,1.0963923773327136,-2.9229983679700977
-0.09996062911032064,0.30517202972133883,1.4538227583430714,-1.1915964243504413,10.779953531739503
-0.7477169855822319,-0.3939687541661059,-1.0403224095641361,-0.04182560184880649,4.788356713420756
-0.1254247328011866,-0.7044806657229961,-0.4719279353832646,0.3754049989838213,-15.458141065137886
1.1703819074857844,-0.8649980145343,0.16564956006055379,0.671845499126807,9.970631811398736
2.189542134596715,-0.03253918048699537,-0.3014668635200234,-1.3723019100753908,1.7777945383428415
1.331439113868493,-0.7258203345642316,0.12613189066617267,-1.7602730026452484,-4.070427894535619
0.3197346547201849,-1.13514901088729,-0.0029923121933904946,1.6636813083255868,-2.3045834383518478
-0.46855388046607993,-0.8683481673498704,1.9062527927437924,2.7935705728149145,-13.543195066195858
1.17101135191249,0.8849591586876049,0.43129609128931545,-0.3871954268871035,7.099433140520676
-0.15461580192435243,-0.080418937609473,-0.09504074133380275,2.318103565093428,-0.21639867965285897
-0.6343355067472357,2.5315729038061763,0.5805516931476796,-0.237911648747813,-6.955020951489723
0.08165181153557916,-1.6235864218697673,0.9187236544413792,-0.31562378387091977,-13.521018715477657
-1.2838527935447048,1.0318998212656936,-0.027819551860036432,0.016296335035784853,4.33136943116055
-0.42082188976973656,-0.12956831419898468,-1.8245916864925134,0.38022016955402693,-7.102147119505451
-0.8837336272375955,0.5862982059584415,-0.25252970906759564,-1.15258853528079,-0.5209914403800755
-0.657054375862419,1.0926394373124866,-0.34931580103593723,0.5200471859580833,-2.21915462592635
2.1925736380136955,0.6811163316686372,0.46455677049120864,-0.5861470880507171,20.358840542178243
0.32913634698537153,0.22842057782695946,-0.2008873075845797,-1.2985073273850665,16.21012792019152
-1.4469219470816825,-0.03702265917141484,-0.4861746603817419,1.4306797076259155,-24.647027466323816
-0.6894903197671094,1.99902973470857,0.4580221778187308,1.40875367591274,-0.23166208172165925
0.6822978597555613,-0.4587073589270435,0.47744151288105496,0.28567204622288866,-12.503220913444629
-1.1165796128871246,1.8241159270255605,-1.0170196635099975,-1.030535638797259,-5.5891780969326295
-0.5897390889561572,-2.1605313395353867,0.39919872205499524,1.0950650166700218,-1.724959210303948
0.8220354875404715,0.013902132333962607,0.9060293675252687,-0.049682856762223185,6.4562903141823265
1.045676484990828,-2.10400292727813,-1.2104452158854058,-2.3097427806156032,-1.1576767910271224
0.6414952239741999,0.19374352753875604,-1.110755169040533,0.09104966015469122,-4.315531945286429
-1.6016433967127244,0.40372762495879333,-1.4593785576260225,-0.27536740506213836,-11.730081729954101
1.4368981811646973,0.6027116933543124,1.2429017389741748,-0.5502854350829612,6.607433472992221
-0.04973226635643682,-0.5100416007941575,1.4178442581739092,1.494273846518442,-5.675923595220293
0.8186115021416734,-2.106490716131152,-0.2754983890429877,0.17480126163457502,6.971883521695753
-0.5169459218125299,-0.10613598231031547,-0.8937862749498504,-1.0661038819851028,-11.843948794878585
-1.009938755562171,-1.7524179458946667,2.1936181487928264,-0.9920699680167931,-8.168252435550198
-0.4871357901750076,-1.5695203481614732,1.6745104750587638,-0.504182955655345,-4.317705695968785
-0.3949733523427567,0.7362592350838089,0.037354286618517106,1.5056034070113495,-5.441448266952486
0.318889482973695,-0.26971629191452456,-0.9220011350261968,0.1496497781391149,-5.824807413714382
-0.0055931437214795,-0.7444732080590017,-0.13669969638097085,0.8803198057077347,1.765282757246317
-0.5666257493219892,1.353681944097427,2.511467639534714,-0.7442575295508999,8.355934039107282
-0.6598654967270098,-1.3707724936169152,-0.5263387406815052,-0.4224042275811536,-7.586534247588051
0.4104149581857566,-0.040578400668476025,1.556188312753788,-1.1321201217168582,11.284816832423166
0.6209911898943586,-1.2953200120822714,1.384308238962592,0.29654533079676143,-7.075839301804838
0.5307365788042138,0.5003166889199921,0.7584115321990902,0.2853218964849127,-4.1556851180954215
0.47793812852584155,-0.2888278625335274,-0.9538126379125208,-1.249465872636424,14.450918965215935
0.698423569161772,-1.7068558840332253,1.2028236653294369,0.37228122902383276,29.650896729368963
-1.5843701925923062,-0.14092657973777287,-1.3392052602869935,-1.635677377965036,-17.955602613205812
0.6785486578771802,0.7500111677463899,-0.47597446577594615,0.04019888663683316,13.326654503466784
0.29526280724467974,1.2381353690776542,-1.217800697353856,1.328039881183193,0.8867207883750532
-0.03880468827261826,0.45835573024582166,-1.5381535273470293,1.6835833376955525,21.945148607529095
0.5707070882152002,-1.0505163900456778,1.2304939890244746,1.520041422491317,-13.521471839318668
0.6790087649126041,-2.7564960589760372,-1.3955708562840712,0.7525352030334705,21.749106876748733
-1.6236426760121092,0.46070302320509077,1.622071864460881,0.27945010641271856,-11.160897366173097
0.44104448298190196,-1.5525682038594095,0.475959432168032,0.5034671316555321,-2.7614816889553837
0.3054935297227935,1.1166955559487812,0.10804546522375982,-2.268538940563145,-7.807728434594504
0.19433248762180386,1.6658100509491378,-1.1495306775180634,2.4255782777236643,-0.8638846301769072
1.1881975364459834,1.3758161609139175,-0.8679764438369346,1.3555825656544487,-8.458005893199712
1.4665817635134473,0.17584483942253334,-0.3433707879182458,-1.6808879179985925,-10.572388254891454
0.3747764024116483,-0.3339811899018117,1.6804358592317017,1.2421911475820238,9.974125744721194
-0.6348608751799565,-0.30723205372295515,-0.5948501932595265,0.3879684433843604,1.647269047486613
1.128658179777648,0.8493430362977281,0.1124469251517082,-0.57005345525307,-17.708912593140624
1.2726050498213626,-0.3782826407353239,-0.40103900630163186,-0.29823246470204323,9.106166345145063
0.4325877340756297,-1.7237649248757092,0.6822270435314852,0.7031068652337531,-3.0173826649556217
2.4048145575735687,-1.3480126807770256,-0.3908308695574832,1.565178495499073,3.3378624222148527
0.6612326735908084,0.3520882322754899,0.19798706669191635,-1.3237723701768427,6.20106083059396
0.13837349025971268,-0.21558465247251385,-1.3945900087385221,-0.067562638977756,-19.361552090190862
0.15484796117827074,0.7099141046275211,0.5275096567651489,1.7567515022909672,-29.751215133104573
-0.8301007067995709,-0.7215927023865639,-0.17849876874876783,-1.1379621954595516,-15.146879936644094
1.2296853181366694,-0.4447770965057747,0.5334916912603944,0.33634097471792945,-3.868365398170571
0.412208436153584,-0.3524833527594505,-0.2672976756038054,0.645440197189807,-3.2553315297941756
0.3094867021002665,0.37206368306170884,-2.2038734970262817,1.2127931877135136,14.812236485194102
0.05489785809958445,-1.000685345614515,0.1580481758526977,0.8477486276698606,-13.490148146123381
0.9645342647952346,0.4284521447442506,0.7565571552560827,-0.17147809564328645,-3.2578210299007964
-0.6814544195930209,0.641368834325635,0.3950049738297963,-0.267248328228164,1.3311784322107227
0.44107991927747675,-0.3092854494350275,0.5385517498559198,1.6818261470935605,20.615055373270835
-0.5109532694625455,-1.2710467717568399,2.8765219434242093,0.41935749390974614,-14.760003251618874
-0.5175158080936658,-0.9390710817571452,0.4633347985834854,0.2536406244521696,-4.862760252718281
-1.0780977590622884,-0.45215380700799973,2.5970937235669123,-2.09261141536157,16.40635120248715
0.14154190832038208,-0.5283104858094914,0.6272172516832003,0.6574310179947473,-1.7738019808566734
-0.06039959164840829,-0.15476693473677827,-0.4392661526034806,2.273981076799335,10.233627283929414
0.4988969167011973,3.3099358861879997,-0.958748399526681,-0.9870635336103606,0.12329210162373005
0.005440211903248066,-0.6334530922099219,1.7228790621841905,1.1277607410469024,-12.790455507347575
0.25622564805428905,0.704160929191174,0.8686802154526738,-0.4075734675600994,6.712917288067066
-0.11642835132316405,-0.7625454494072126,-0.9457649143959537,-0.02239159664120787,5.114643569917834
-0.42079376575996363,1.2151869398231772,-0.16316608583527725,0.7539742205858667,6.940210805687078
-0.9910591697104317,-0.7912576551863454,-1.1229010320817612,0.35841850310698103,-7.028164988842831
-0.5491929157803666,0.10952974950316625,0.472508614519578,0.29880575469872406,-12.118695314521139
-1.5227577675535677,-0.7609522940373908,-0.7190743480362515,0.4057552592924878,-20.314596203374474
1.453976194122973,-0.09071540436447208,1.614375387748358,1.0238106204663815,5.222596351719577
-0.5480655123375826,-0.4589570900914472,-0.29183197011010753,-0.3437984550428641,0.5474503743533652
0.7120535828698965,-0.6846204683858436,0.4067329758944389,0.9391796048019388,-3.454051629808908
-0.5173840889488472,-0.7728659752208183,-0.6321561651286866,1.0650481614138634,7.050882070478089
-1.9294869226417506,-0.17716215761903684,-0.6602693755439387,0.44853745300050124,-9.864174388837213
-1.110614725610526,-1.1265300652352346,1.5115195596423199,-0.034929717514704944,3.891938043862994
1.6090297702017056,-1.0967226847416496,1.3175066095676276,1.4573630649514082,2.5055817993145366
1.7621778777729393,0.09606252433515981,0.2972589588031545,-0.6565488088253598,18.30700098564909
2.2027961030234473,1.0435459172418482,-0.05080092372068454,-1.1196297669395974,-2.29427812818402
-0.10438581252584843,0.37362862202042146,-1.393144183945425,0.29486012096107234,-10.477706185598194
-0.08173277778823096,1.246294489086604,-0.06831669952855812,1.2691612044214011,7.825031188451398
-1.2731027236420114,0.47907887689248363,-1.050189392627939,-1.7912090636581341,-21.664650284029822
-0.8213020526278616,0.3149760917289718,0.353497058878573,-0.2949417814763453,0.6378776387818084
-0.17068231915843032,-1.6158773715714492,0.9943045910723627,1.848293829108747,7.347627548672115
-1.150474901039635,0.8575240210991888,0.604806817629903,0.7002835945802907,-7.256091125767632
0.42109613419564856,0.42064400812264197,1.1305207802455746,1.5071862435630063,-1.303035614944113
2.3056460896197586,-1.033174671107367,-0.2281159385238157,-0.8506360564176616,-12.941257802426312
-0.06056676874525731,-0.013117618599005657,-1.2380518095853765,0.39847382904651946,12.307776165295836
1.0480285892469556,0.7456909741159418,-0.2776972455207688,1.406694474187926,-7.293869354187584
-0.46367627173369264,-0.9161560033069184,0.2794751158093548,-1.5496990352660185,2.1660160065541088
0.9438161918630302,-0.6478818617730493,1.6248730491256569,0.557548634986766,2.619968375126927
1.2706290347383231,0.28357892962204745,0.3690386733193049,0.6662024348912743,19.902809617357747
0.5223823921786027,-0.1451054291812871,0.2144772966184274,-0.06954359545711923,-8.61525211948085
2.1556489225973303,0.14440272233560147,1.0891469586532654,0.3426354492366027,17.676006865629546
0.22068502790524117,-0.3261803207899499,0.7874708124915866,0.4755853220384292,-5.401595241382686
-1.8171166750511012,-1.4598301872918007,0.8069468872487809,-0.3590262428146654,3.7195784494168365
-0.09383379659252472,0.5112808333556623,-0.4848354785548592,-1.2183308119715057,-8.626755486940432
0.5388283156874191,0.997301954308539,-0.5935940126028841,-0.04709128841010958,-18.598501513485665
-0.6179120502505314,-0.16416365816231923,0.16668884714866664,0.6977137669868685,-21.24926744978695
-0.4143627663994272,-0.09655243224897042,1.5851930931852771,0.3644125174522285,-3.5680891061501256
0.7761604138541808,-1.136977917003614,0.32341922170665865,-0.4956537892346712,0.8520957318706395
-0.42906402835741675,-0.8963767055652805,0.2059136285337039,-0.6716415503292734,-4.64860481083266
-0.25010692397000167,0.5173180184869374,-0.0005101236484035908,0.8118953675742336,-0.5166847723682203
0.9096162022039079,-2.4898023356528887,0.23985124516303394,0.6177799985684972,-17.404295598187407
0.816817157369485,-0.8901366294522725,-0.25053896981010454,0.5859044735444345,-1.9469218577729426
1.3744165410507077,0.48383352663958956,0.01182036299156624,0.6844577825063975,-3.3057730449518896
-0.3055236958265458,-1.4197973086552496,-0.5047557177016437,0.01878555863202629,-3.2012872291136665
-0.5805607361152118,0.7565682636707923,0.916183325507684,-0.6958866632002638,-0.058428779831948496
1.2976913672536015,0.14555600651014627,-0.6519688040212062,3.45713115143805,14.867376742566774
-0.15303452023380404,0.5180813779362748,-1.406132232918583,0.047703696741053424,19.056302527712617
0.20474884482957292,0.9101896452582802,0.9119250424453047,-0.9539420345156003,15.67695757534639
1.897306354787701,-0.7892389531201819,0.8598220228238248,0.7998395759375432,17.753542955483187
-0.09949686347324464,-1.3019418184818785,0.1291689119361814,0.546644428147586,-25.164023888468225
0.879836567636362,0.777123421164106,-2.0649137240466175,-0.17111410963881846,-22.703804014549448
-0.7590210885042186,-1.0489608882505193,0.10373356171477466,0.41432139660471146,-16.995623887017736
0.0619107480764245,-0.2801987172674418,-0.26879207379282893,2.139675650614555,1.297525907394775
-0.7447355540071123,-0.9923806820094239,-0.1426869719387675,0.5247707221282553,-16.968195520984434
0.6220667458672527,0.7913430179837821,0.2640767180899586,0.020130786816533606,21.087487223651532
0.031113191743157593,-0.5661936433296286,-0.8668174453052552,1.9224146046367114,-0.4184283330997512
2.053709442439676,-0.3677985736957578,1.0324757552597283,1.5136793618604638,-15.290852699450511
-0.9388430198768545,1.619523815890827,1.4074458252393898,2.118218120132273,-32.89873248793969
-0.13415473240172876,0.2273460576371119,1.2596833368321425,-0.473931574851254,10.067959360200575
-1.5065581301172613,0.33871483634754385,-0.08424109150600577,-0.97615638143964,19.33350244647291
-0.07409735785751283,0.14673806011062407,-0.8577173495343378,0.06780396989808822,-15.540719161521338
-2.0828668403095927,0.7765087720343022,0.9228887313471339,0.7786371295013644,-10.16197100740099
-1.0946174018482324,-1.2955033663011548,0.5880746211080082,0.21021276043994244,-9.407097499204731
1.3118530395526655,0.28362993191707264,1.6808714189789578,0.06738596756072432,-15.14571967416254
1.0785678580194968,0.762741371936566,-0.00911796799971412,-0.5538149905971981,4.2064725741290365
-2.385855511888994,1.6279249189339546,-1.4756054717972087,-0.3701136760385928,0.42093960961488897
-1.3345289840495806,0.19463024539953014,0.4423058703814349,-0.22147162417090863,-17.318644826269715
0.101357081602501,-1.563675450963819,-0.3815735136329679,-2.572609211973616,-1.1445049081252145
2.279420122865983,1.5862303519084153,-0.0927385305335622,0.8202587044928107,4.3951593127546
0.3680152682861815,0.11232440463515701,1.5896319584430691,0.5277655471756892,2.4257387244098387
-0.3585155775041458,-0.1582789084092942,-0.4910046529196744,0.29408560676486,-14.74358641564624
-0.8087212338849803,-0.5120981984053402,0.5138587761219365,-2.234672938138511,-3.7669730803871517
-1.4012983116275524,-0.14012525337269852,-0.47735172994452757,0.49010848413262825,4.051324483607767
0.19818569914066275,1.6051218672513876,1.6401333286840416,-0.6707515658809939,-9.264391884934065
-0.35747177574446876,0.033207772265480454,1.2199380799085708,-0.32950500487486273,4.7183714871699465
-0.10624520058904319,-0.2790429598552305,-0.5405941299118712,-0.10978142561793065,21.461997353063833
0.6962124225358626,-1.3380863450855718,-1.56002017302722,0.1270887690152834,-13.363724999214599
-0.23894573349038736,-0.1479909688999603,-0.49506025519772634,-0.8799804679569097,13.246851060873956
0.7082406441351433,-0.5271359059850901,0.6231387006073361,1.1398188043473862,-1.8589859134781856
0.3239509724878685,-0.6859830181287166,0.8418469950959616,-0.26890493525127324,-4.86057003707644
0.2124227388935202,-0.7497492864624106,0.5401120182211623,-0.5842827078339701,4.293624150998079
-0.4778693718165127,-0.11331787426907483,-0.3779935740521331,0.1969977935335592,-2.2046454418937422
-0.3036348376370327,-0.474277819158384,1.8430550155280263,0.7930989391311082,-0.6852198861127934
0.7821451013042086,2.057597933457075,-1.1343829162430412,-0.22896897790904866,-3.804056734596507
-0.8650031104378958,-0.6216781734072463,0.8924003948263264,-1.2738893991092421,-30.82394390994495
-0.15058791675311517,0.5994476521966041,2.034611632999888,-1.3612155462690088,11.26579267221547
0.12260952679481266,-0.1489653231694985,-0.2162905647901176,1.2881958805487608,-3.259602744147075
-0.4179033130619096,0.09399332410113613,-0.19865990844560721,0.11927940286818965,-2.2242462372225087
-0.8635406117634882,-1.2306435009923793,-1.359230845877902,1.7070145999943107,2.624345869930683
0.7611106643678899,1.4977363001448678,0.8810490974988266,-0.7926062519366788,11.59298976539888
0.12680083384005256,0.44063051740936393,-0.9393599297224637,-1.4198850028943952,6.195412308370045
-0.9277609020370474,0.818762645644381,-0.6415916424611675,1.9589314767333077,9.966993916847608
0.6963117522257868,-0.5085873112330225,0.014387879374623179,-0.1383386447348244,-5.674072896267162
0.2993301944820981,-1.0645941390159677,2.1144092483369707,-1.3305538586528565,7.614882029858623
0.6921813894492868,0.18277236259931887,-0.6699640274492422,-0.03166963311031676,-1.0206072933169126
0.5521251645687802,0.18091600266469648,-1.106351505052089,0.3840151845838697,-11.131232761399328
-0.28892849343062,0.220248621812077,-1.4842453133145441,0.2683817653055496,6.644096524738176
-0.03524379320492123,-1.0955555926597418,-0.29071192133574025,-1.882451272712998,-4.757318957883761
-1.167435956283178,0.06691189813916691,0.3679564771014139,0.32751410546309556,4.906201565667277
-1.1944082763423025,1.4440168346445894,-2.93395004392397,1.0303564970622952,9.062343588215986
-1.6925515980486567,-0.7846959119533328,-1.2964988040302534,-1.3477705740990715,2.330577037275538
-0.5443122203942983,-0.7960242922359366,1.316697715112964,2.426503536817283,-11.830440543260009
1.3549189076685426,-0.23379033425326196,-0.5547642827788914,1.4950100905807442,13.827358031482941
-0.2951099570575674,-3.171934641897577,0.4894963857703211,0.9998698882480205,14.288924201052085
